55563.46775797213
55547.24429309766
55532.621991573025
55517.817725390065
55503.90161939875
55490.748813938466
55477.85139524506
55464.30206141632
55452.21629324431
55439.25390216321
55428.59983270622
55418.42213171712
55408.29190288945
55398.698745363785
55389.1150194086
55379.63823186499
55370.31541329262
55361.035542681704
55351.701115620206
55342.50470181922
55333.397837892546
55324.502439164986
55315.356112567526
55306.50887352354
55297.749793414776
55289.22084359333
55280.661100565914
55272.026713846266
55263.48145990216
55254.896444386766
55246.580137070385
55238.15878331699
55230.35335402701
55222.15673502076
55213.95649025933
55205.348070992426
55197.08255253127
55188.91879439299
55180.785886917016
55172.73919769142
55164.67916202856
55156.63687495726
55148.57699411931
55140.55803170985
55132.73909059851
55124.36851229317
55116.493145731125
55108.66381017239
55100.85689932183
55092.961949382276
55085.24323952774
55077.578195315116
55069.80549739093
55062.19469896305
55054.65424237359
55047.13802613158
55039.62454265701
55032.15876967284
55024.67334811453
55017.26532894888
55009.832595698295
55002.382705758166
54995.06476719067
54987.78912661503
54980.86174634688
54973.22015776334
54966.033022365984
54959.143218958794
54951.97997856274
54944.63519578149
54937.51583382193
54930.45277627708
54923.362799717695
54916.27889391714
54909.23003719098
54902.07932100837
54895.017501740884
54887.80290014435
54880.77165337064
54873.707983474575
54866.71289290319
54859.77860733942
54852.84760746317
54845.92905614876
54839.0296766556
54832.14005383453
54825.25697392973
54818.261012143696
54811.44212269841
54804.6486655675
54797.881239136696
54791.13966258041
54784.28718741302
54777.576620357875
54770.876441337015
54764.186971392475
54757.47995795067
54750.7810910049
54744.16442173036
54737.588780823426
54731.010009965124
54724.42509531335
54717.874321459494
54711.33095013223
54704.80529470833
54698.01304289263
54691.47671705727
54684.98112464268
54678.50205583333
54672.02792018618
54665.57111212655
54659.08192503957
54652.66717225554
54646.30774879553
54639.95207026217
54633.60525245221
54627.26154911965
54620.93309963614
54614.667853909035
54608.40906673938
54602.108657088975
54595.79947522083
54589.53571612329
54583.32558996062
54577.127789415914
54570.94614286061
54564.82467788197
54558.633599968874
54552.458574479824
54546.362876286235
54540.27986296159
54534.21370944152
54528.158000226336
54522.15857912115
54516.139414808174
54510.13018229993
54504.06026761348
54498.07292400587
54492.09518591312
54486.176098891905
54480.25627392231
54474.36560669802
54468.47673454678
54462.5845044208
54456.69729169296
54450.8628477723
54445.0360218619
54439.20922237029
54433.35961448767
54427.599431039715
54421.79629892646
54415.99613054095
54410.20601269984
54404.45489931496
54398.71436028945
54392.99109460075
54387.28941914839
54381.61026153417
54375.88766019226
54370.25174216823
54364.624714698766
54359.00029150861
54353.3844438916
54347.74284583241
54342.13461163114
54336.51732562305
54330.91859625812
54325.33672443916
54319.75753789396
54314.241938608386
54308.77148133281
54303.30369879337
54297.80668248189
54292.33001389887
54286.8612218995
54281.36052947853
54275.920022976636
54270.42876680274
54265.02351704351
54259.52735429624
54254.14198014646
54248.75951238215
54243.38083599235
54238.008791627806
54232.66598066394
54227.34359747395
54222.028043134254
54216.60991405413
54211.30678997782
54206.013297589765
54200.720573580205
54195.430835817744
54190.23448417527
54185.030295884186
54179.843184688805
54174.656789226894
54169.49971848915
54164.35111662118
54159.07324307005
54153.94502897544