[97, 92, 18]: 0.645668, 
[97, 19, 18]: 0.645668, 
[25, 5, 23]: 0.645668, 
[41, 92, 21]: 0.645668, 
[41, 19, 63]: 0.645668, 
[97, 5, 21]: 0.645668, 
[41, 92, 23]: 0.645668, 
[83, 5, 21]: 0.645668, 
[80, 24, 6]: 0.645668, 
[25, 24, 21]: 0.645668, 
[97, 5, 18]: 0.645668, 
[25, 39, 23]: 0.645668, 
[83, 5, 18]: 0.645668, 
[41, 24, 63]: 0.645668, 
[25, 19, 63]: 0.645668, 
[41, 19, 23]: 0.645668, 
[80, 39, 23]: 0.645668, 
[97, 24, 23]: 0.645668, 
[83, 39, 18]: 0.645668, 
[41, 5, 63]: 0.645668, 
[80, 5, 21]: 0.645668, 
[80, 24, 18]: 0.645668, 
[25, 39, 21]: 0.645668, 
[25, 19, 21]: 0.645668, 
[83, 39, 23]: 0.645668, 
[41, 24, 6]: 0.645668, 
[25, 24, 63]: 0.645668, 
[83, 5, 23]: 0.645668, 
[80, 24, 21]: 0.645668, 
[80, 39, 21]: 0.645668, 
[97, 24, 63]: 0.645668, 
[41, 92, 18]: 0.645668, 
[80, 5, 18]: 0.645668, 
[97, 24, 21]: 0.645668, 
[83, 24, 6]: 0.645668, 
[97, 39, 6]: 0.645668, 
[83, 92, 18]: 0.645668, 
[83, 24, 23]: 0.645668, 
[83, 24, 21]: 0.645668, 
[83, 5, 6]: 0.645668, 
[97, 39, 63]: 0.645668, 
[83, 39, 63]: 0.645668, 
[97, 24, 18]: 0.645668, 
[25, 92, 6]: 0.645668, 
[80, 92, 23]: 0.645668, 
[41, 5, 6]: 0.645668, 
[41, 19, 18]: 0.645668, 
[97, 92, 23]: 0.645668, 
[41, 19, 21]: 0.645668, 
[41, 5, 21]: 0.645668, 
[25, 39, 18]: 0.645668, 
[25, 39, 63]: 0.645668, 
[83, 24, 18]: 0.645668, 
[83, 5, 63]: 0.645668, 
[83, 92, 23]: 0.645668, 
[25, 92, 18]: 0.645668, 
[25, 39, 6]: 0.645668, 
[80, 19, 23]: 0.645668, 
[97, 19, 6]: 0.645668, 
[83, 39, 21]: 0.645668, 
[25, 24, 18]: 0.645668, 
[80, 39, 6]: 0.645668, 
[80, 92, 18]: 0.645668, 
[97, 19, 23]: 0.645668, 
[25, 19, 18]: 0.645668, 
[97, 19, 63]: 0.645668, 
[41, 19, 6]: 0.645668, 
[83, 92, 21]: 0.645668, 
[80, 92, 6]: 0.645668, 
[80, 19, 21]: 0.645668, 
[41, 39, 63]: 0.645668, 
[97, 24, 6]: 0.645668, 
[41, 39, 6]: 0.645668, 
[83, 19, 6]: 0.645668, 
[83, 92, 6]: 0.645668, 
[25, 5, 21]: 0.645668, 
[80, 39, 63]: 0.645668, 
[25, 19, 23]: 0.645668, 
[97, 39, 18]: 0.645668, 
[80, 5, 63]: 0.645668, 
[80, 92, 21]: 0.645668, 
[80, 39, 18]: 0.645668, 
[25, 24, 6]: 0.645668, 
[25, 24, 23]: 0.645668, 
[83, 19, 18]: 0.645668, 
[80, 92, 63]: 0.645668, 
[83, 19, 23]: 0.645668, 
[83, 39, 6]: 0.645668, 
[80, 5, 6]: 0.645668, 
[97, 5, 6]: 0.645668, 
[80, 24, 23]: 0.645668, 
[83, 19, 21]: 0.645668, 
[41, 24, 23]: 0.645668, 
[97, 92, 21]: 0.645668, 
[41, 92, 6]: 0.645668, 
[83, 19, 63]: 0.645668, 
[25, 92, 23]: 0.645668, 
[41, 24, 18]: 0.645668, 
[97, 5, 63]: 0.645668, 
[41, 5, 23]: 0.645668, 
[97, 39, 21]: 0.645668, 
[41, 5, 18]: 0.645668, 
[41, 39, 18]: 0.645668, 
[80, 5, 23]: 0.645668, 
[97, 92, 6]: 0.645668, 
[41, 92, 63]: 0.645668, 
[83, 24, 63]: 0.645668, 
[25, 5, 63]: 0.645668, 
[97, 5, 23]: 0.645668, 
[80, 24, 63]: 0.645668, 
[83, 92, 63]: 0.645668, 
[41, 24, 21]: 0.645668, 
[41, 39, 21]: 0.645668, 
[97, 92, 63]: 0.645668, 
[97, 19, 21]: 0.645668, 
[97, 39, 23]: 0.645668, 
[80, 19, 63]: 0.645668, 
[25, 92, 63]: 0.645668, 
[80, 19, 18]: 0.645668, 
[41, 39, 23]: 0.645668, 
[80, 19, 6]: 0.645668, 
[25, 5, 18]: 0.645668, 
[25, 5, 6]: 0.645668, 
[25, 19, 6]: 0.645668, 
[25, 92, 21]: 0.645668, 
[91, 52, 70]: 0.652714, 
[42, 19, 56]: 0.652714, 
[91, 38, 6]: 0.652714, 
[13, 52, 56]: 0.652714, 
[42, 52, 70]: 0.652714, 
[80, 52, 6]: 0.652714, 
[61, 52, 7]: 0.652714, 
[91, 71, 70]: 0.652714, 
[80, 19, 56]: 0.652714, 
[13, 19, 64]: 0.652714, 
[91, 90, 70]: 0.652714, 
[80, 90, 64]: 0.652714, 
[42, 52, 6]: 0.652714, 
[61, 71, 56]: 0.652714, 
[80, 52, 70]: 0.652714, 
[13, 52, 70]: 0.652714, 
[42, 38, 7]: 0.652714, 
[13, 52, 7]: 0.652714, 
[91, 38, 7]: 0.652714, 
[91, 71, 6]: 0.652714, 
[42, 19, 6]: 0.652714, 
[42, 90, 7]: 0.652714, 
[61, 71, 6]: 0.652714, 
[80, 90, 7]: 0.652714, 
[61, 90, 64]: 0.652714, 
[91, 90, 6]: 0.652714, 
[42, 90, 64]: 0.652714, 
[91, 52, 7]: 0.652714, 
[80, 90, 56]: 0.652714, 
[13, 19, 6]: 0.652714, 
[80, 71, 7]: 0.652714, 
[61, 90, 7]: 0.652714, 
[91, 19, 70]: 0.652714, 
[42, 52, 56]: 0.652714, 
[91, 71, 64]: 0.652714, 
[80, 38, 64]: 0.652714, 
[13, 71, 64]: 0.652714, 
[91, 90, 56]: 0.652714, 
[42, 90, 6]: 0.652714, 
[80, 52, 64]: 0.652714, 
[13, 71, 70]: 0.652714, 
[42, 71, 6]: 0.652714, 
[42, 38, 70]: 0.652714, 
[61, 52, 64]: 0.652714, 
[80, 71, 64]: 0.652714, 
[80, 71, 56]: 0.652714, 
[13, 71, 7]: 0.652714, 
[91, 90, 64]: 0.652714, 
[42, 71, 7]: 0.652714, 
[13, 71, 56]: 0.652714, 
[91, 90, 7]: 0.652714, 
[61, 38, 64]: 0.652714, 
[61, 19, 7]: 0.652714, 
[42, 71, 64]: 0.652714, 
[80, 19, 70]: 0.652714, 
[91, 38, 56]: 0.652714, 
[91, 19, 7]: 0.652714, 
[91, 52, 6]: 0.652714, 
[61, 52, 70]: 0.652714, 
[13, 71, 6]: 0.652714, 
[13, 52, 6]: 0.652714, 
[61, 71, 70]: 0.652714, 
[13, 38, 6]: 0.652714, 
[80, 38, 7]: 0.652714, 
[80, 19, 7]: 0.652714, 
[61, 19, 6]: 0.652714, 
[13, 38, 64]: 0.652714, 
[61, 71, 7]: 0.652714, 
[61, 90, 70]: 0.652714, 
[42, 38, 64]: 0.652714, 
[13, 38, 70]: 0.652714, 
[42, 52, 64]: 0.652714, 
[61, 38, 6]: 0.652714, 
[61, 90, 56]: 0.652714, 
[80, 90, 70]: 0.652714, 
[91, 38, 64]: 0.652714, 
[42, 90, 70]: 0.652714, 
[42, 19, 70]: 0.652714, 
[80, 71, 70]: 0.652714, 
[80, 19, 6]: 0.652714, 
[13, 19, 70]: 0.652714, 
[80, 38, 70]: 0.652714, 
[13, 19, 56]: 0.652714, 
[42, 52, 7]: 0.652714, 
[42, 19, 7]: 0.652714, 
[42, 19, 64]: 0.652714, 
[13, 90, 7]: 0.652714, 
[42, 38, 56]: 0.652714, 
[61, 90, 6]: 0.652714, 
[61, 19, 70]: 0.652714, 
[13, 38, 7]: 0.652714, 
[42, 90, 56]: 0.652714, 
[13, 38, 56]: 0.652714, 
[80, 19, 64]: 0.652714, 
[61, 38, 70]: 0.652714, 
[13, 90, 64]: 0.652714, 
[91, 38, 70]: 0.652714, 
[13, 90, 6]: 0.652714, 
[61, 19, 56]: 0.652714, 
[91, 71, 56]: 0.652714, 
[61, 52, 56]: 0.652714, 
[91, 71, 7]: 0.652714, 
[91, 52, 64]: 0.652714, 
[42, 71, 56]: 0.652714, 
[13, 90, 70]: 0.652714, 
[91, 52, 56]: 0.652714, 
[91, 19, 6]: 0.652714, 
[80, 38, 6]: 0.652714, 
[80, 38, 56]: 0.652714, 
[91, 19, 56]: 0.652714, 
[80, 90, 6]: 0.652714, 
[80, 52, 56]: 0.652714, 
[61, 19, 64]: 0.652714, 
[61, 71, 64]: 0.652714, 
[13, 90, 56]: 0.652714, 
[13, 52, 64]: 0.652714, 
[91, 19, 64]: 0.652714, 
[61, 52, 6]: 0.652714, 
[42, 38, 6]: 0.652714, 
[80, 52, 7]: 0.652714, 
[13, 19, 7]: 0.652714, 
[61, 38, 7]: 0.652714, 
[61, 38, 56]: 0.652714, 
[80, 71, 6]: 0.652714, 
[42, 71, 70]: 0.652714, 
[73, 61, 44]: 0.644945, 
[73, 61, 66]: 0.644945, 
[82, 8, 66]: 0.644945, 
[0, 52, 46]: 0.644945, 
[46, 8, 46]: 0.644945, 
[46, 61, 80]: 0.644945, 
[0, 34, 66]: 0.644945, 
[82, 77, 74]: 0.644945, 
[46, 34, 66]: 0.644945, 
[46, 77, 44]: 0.644945, 
[73, 61, 80]: 0.644945, 
[46, 77, 46]: 0.644945, 
[0, 34, 44]: 0.644945, 
[73, 34, 80]: 0.644945, 
[82, 8, 74]: 0.644945, 
[82, 34, 44]: 0.644945, 
[46, 77, 80]: 0.644945, 
[82, 34, 46]: 0.644945, 
[0, 61, 44]: 0.644945, 
[13, 52, 44]: 0.644945, 
[46, 8, 66]: 0.644945, 
[13, 61, 74]: 0.644945, 
[13, 52, 46]: 0.644945, 
[0, 8, 44]: 0.644945, 
[73, 52, 46]: 0.644945, 
[46, 8, 80]: 0.644945, 
[13, 61, 66]: 0.644945, 
[82, 52, 66]: 0.644945, 
[73, 8, 74]: 0.644945, 
[0, 61, 74]: 0.644945, 
[0, 8, 66]: 0.644945, 
[46, 52, 80]: 0.644945, 
[46, 77, 74]: 0.644945, 
[73, 34, 44]: 0.644945, 
[46, 61, 46]: 0.644945, 
[73, 77, 80]: 0.644945, 
[73, 34, 74]: 0.644945, 
[46, 52, 44]: 0.644945, 
[82, 52, 44]: 0.644945, 
[46, 61, 44]: 0.644945, 
[82, 52, 74]: 0.644945, 
[82, 8, 44]: 0.644945, 
[0, 61, 80]: 0.644945, 
[82, 77, 66]: 0.644945, 
[73, 8, 46]: 0.644945, 
[46, 61, 66]: 0.644945, 
[82, 61, 44]: 0.644945, 
[82, 52, 80]: 0.644945, 
[82, 34, 80]: 0.644945, 
[73, 77, 74]: 0.644945, 
[0, 77, 66]: 0.644945, 
[73, 8, 44]: 0.644945, 
[46, 8, 74]: 0.644945, 
[46, 77, 66]: 0.644945, 
[82, 34, 66]: 0.644945, 
[73, 52, 80]: 0.644945, 
[13, 61, 46]: 0.644945, 
[82, 77, 80]: 0.644945, 
[0, 61, 66]: 0.644945, 
[13, 8, 74]: 0.644945, 
[0, 52, 66]: 0.644945, 
[13, 8, 44]: 0.644945, 
[46, 34, 74]: 0.644945, 
[46, 52, 66]: 0.644945, 
[13, 34, 46]: 0.644945, 
[13, 77, 46]: 0.644945, 
[82, 61, 66]: 0.644945, 
[13, 34, 66]: 0.644945, 
[82, 61, 74]: 0.644945, 
[73, 8, 66]: 0.644945, 
[73, 34, 66]: 0.644945, 
[46, 52, 74]: 0.644945, 
[0, 34, 46]: 0.644945, 
[13, 8, 66]: 0.644945, 
[13, 52, 66]: 0.644945, 
[13, 77, 66]: 0.644945, 
[82, 77, 44]: 0.644945, 
[73, 34, 46]: 0.644945, 
[13, 52, 80]: 0.644945, 
[13, 61, 80]: 0.644945, 
[13, 34, 44]: 0.644945, 
[0, 52, 80]: 0.644945, 
[73, 77, 46]: 0.644945, 
[13, 77, 74]: 0.644945, 
[46, 34, 46]: 0.644945, 
[13, 34, 80]: 0.644945, 
[13, 34, 74]: 0.644945, 
[0, 52, 74]: 0.644945, 
[73, 77, 66]: 0.644945, 
[82, 61, 46]: 0.644945, 
[73, 52, 66]: 0.644945, 
[13, 77, 80]: 0.644945, 
[0, 8, 80]: 0.644945, 
[13, 61, 44]: 0.644945, 
[0, 77, 44]: 0.644945, 
[46, 34, 80]: 0.644945, 
[46, 61, 74]: 0.644945, 
[73, 77, 44]: 0.644945, 
[0, 8, 46]: 0.644945, 
[73, 8, 80]: 0.644945, 
[73, 52, 74]: 0.644945, 
[0, 8, 74]: 0.644945, 
[0, 77, 74]: 0.644945, 
[0, 61, 46]: 0.644945, 
[46, 8, 44]: 0.644945, 
[0, 52, 44]: 0.644945, 
[73, 52, 44]: 0.644945, 
[13, 52, 74]: 0.644945, 
[0, 34, 80]: 0.644945, 
[82, 8, 80]: 0.644945, 
[82, 61, 80]: 0.644945, 
[0, 77, 46]: 0.644945, 
[0, 77, 80]: 0.644945, 
[82, 8, 46]: 0.644945, 
[46, 34, 44]: 0.644945, 
[82, 52, 46]: 0.644945, 
[13, 8, 80]: 0.644945, 
[0, 34, 74]: 0.644945, 
[82, 77, 46]: 0.644945, 
[73, 61, 46]: 0.644945, 
[13, 77, 44]: 0.644945, 
[13, 8, 46]: 0.644945, 
[82, 34, 74]: 0.644945, 
[46, 52, 46]: 0.644945, 
[73, 61, 74]: 0.644945, 
[80, 19, 63]: 0.645668, 
[41, 5, 6]: 0.645668, 
[13, 90, 56]: 0.652714, 
[25, 24, 18]: 0.645668, 
[25, 92, 63]: 0.645668, 
[80, 24, 18]: 0.645668, 
[41, 39, 6]: 0.645668, 
[80, 71, 70]: 0.652714, 
[83, 39, 63]: 0.645668, 
[61, 38, 70]: 0.652714, 
[80, 39, 23]: 0.645668, 
[13, 52, 64]: 0.652714, 
[91, 52, 64]: 0.652714, 
[91, 38, 56]: 0.652714, 
[91, 52, 56]: 0.652714, 
[41, 92, 21]: 0.645668, 
[61, 52, 6]: 0.652714, 
[83, 24, 18]: 0.645668, 
[97, 39, 18]: 0.645668, 
[61, 19, 56]: 0.652714, 
[83, 19, 23]: 0.645668, 
[83, 39, 23]: 0.645668, 
[61, 38, 6]: 0.652714, 
[91, 90, 70]: 0.652714, 
[97, 19, 23]: 0.645668, 
[25, 5, 23]: 0.645668, 
[80, 92, 23]: 0.645668, 
[42, 71, 64]: 0.652714, 
[80, 19, 56]: 0.652714, 
[13, 19, 70]: 0.652714, 
[91, 52, 7]: 0.652714, 
[13, 71, 7]: 0.652714, 
[97, 39, 6]: 0.645668, 
[13, 90, 70]: 0.652714, 
[80, 19, 70]: 0.652714, 
[25, 39, 6]: 0.645668, 
[97, 5, 6]: 0.645668, 
[13, 71, 70]: 0.652714, 
[91, 38, 70]: 0.652714, 
[42, 19, 70]: 0.652714, 
[83, 19, 6]: 0.645668, 
[13, 38, 64]: 0.652714, 
[91, 71, 7]: 0.652714, 
[42, 52, 64]: 0.652714, 
[80, 52, 6]: 0.652714, 
[83, 5, 21]: 0.645668, 
[42, 38, 64]: 0.652714, 
[83, 19, 63]: 0.645668, 
[80, 38, 56]: 0.652714, 
[80, 71, 7]: 0.652714, 
[80, 19, 6]: 0.652714, 
[25, 24, 6]: 0.645668, 
[25, 5, 21]: 0.645668, 
[80, 38, 7]: 0.652714, 
[97, 92, 21]: 0.645668, 
[83, 19, 21]: 0.645668, 
[41, 39, 18]: 0.645668, 
[13, 19, 6]: 0.652714, 
[42, 38, 6]: 0.652714, 
[25, 24, 23]: 0.645668, 
[83, 92, 6]: 0.645668, 
[80, 24, 6]: 0.645668, 
[97, 39, 23]: 0.645668, 
[80, 92, 63]: 0.645668, 
[25, 5, 63]: 0.645668, 
[25, 19, 21]: 0.645668, 
[80, 38, 70]: 0.652714, 
[80, 19, 7]: 0.652714, 
[61, 71, 6]: 0.652714, 
[61, 71, 70]: 0.652714, 
[80, 90, 6]: 0.652714, 
[25, 19, 6]: 0.645668, 
[61, 90, 7]: 0.652714, 
[97, 19, 63]: 0.645668, 
[41, 24, 6]: 0.645668, 
[41, 39, 23]: 0.645668, 
[41, 24, 23]: 0.645668, 
[91, 52, 70]: 0.652714, 
[80, 39, 63]: 0.645668, 
[41, 19, 6]: 0.645668, 
[83, 39, 6]: 0.645668, 
[80, 19, 64]: 0.652714, 
[61, 90, 6]: 0.652714, 
[42, 38, 7]: 0.652714, 
[83, 24, 21]: 0.645668, 
[42, 52, 6]: 0.652714, 
[41, 92, 23]: 0.645668, 
[97, 92, 6]: 0.645668, 
[91, 38, 7]: 0.652714, 
[83, 5, 6]: 0.645668, 
[61, 90, 70]: 0.652714, 
[13, 71, 56]: 0.652714, 
[83, 24, 6]: 0.645668, 
[80, 38, 64]: 0.652714, 
[80, 90, 56]: 0.652714, 
[83, 19, 18]: 0.645668, 
[42, 52, 56]: 0.652714, 
[61, 71, 56]: 0.652714, 
[80, 71, 64]: 0.652714, 
[42, 90, 7]: 0.652714, 
[91, 90, 6]: 0.652714, 
[42, 52, 70]: 0.652714, 
[42, 90, 56]: 0.652714, 
[97, 24, 23]: 0.645668, 
[80, 71, 6]: 0.652714, 
[83, 39, 21]: 0.645668, 
[97, 19, 21]: 0.645668, 
[83, 92, 18]: 0.645668, 
[42, 19, 64]: 0.652714, 
[97, 92, 63]: 0.645668, 
[91, 19, 70]: 0.652714, 
[97, 5, 21]: 0.645668, 
[83, 5, 63]: 0.645668, 
[41, 92, 18]: 0.645668, 
[80, 90, 7]: 0.652714, 
[25, 39, 21]: 0.645668, 
[61, 52, 7]: 0.652714, 
[13, 52, 6]: 0.652714, 
[80, 92, 18]: 0.645668, 
[80, 52, 64]: 0.652714, 
[42, 71, 6]: 0.652714, 
[61, 90, 64]: 0.652714, 
[91, 71, 70]: 0.652714, 
[13, 52, 70]: 0.652714, 
[41, 24, 18]: 0.645668, 
[97, 5, 23]: 0.645668, 
[80, 19, 23]: 0.645668, 
[91, 38, 64]: 0.652714, 
[91, 52, 6]: 0.652714, 
[83, 24, 23]: 0.645668, 
[13, 90, 6]: 0.652714, 
[91, 19, 64]: 0.652714, 
[13, 90, 64]: 0.652714, 
[42, 19, 7]: 0.652714, 
[13, 19, 56]: 0.652714, 
[25, 92, 18]: 0.645668, 
[97, 19, 6]: 0.645668, 
[91, 90, 56]: 0.652714, 
[97, 39, 21]: 0.645668, 
[25, 19, 63]: 0.645668, 
[13, 71, 64]: 0.652714, 
[13, 71, 6]: 0.652714, 
[41, 92, 63]: 0.645668, 
[61, 52, 70]: 0.652714, 
[80, 38, 6]: 0.652714, 
[25, 92, 21]: 0.645668, 
[83, 24, 63]: 0.645668, 
[61, 71, 7]: 0.652714, 
[41, 5, 23]: 0.645668, 
[61, 38, 7]: 0.652714, 
[41, 39, 63]: 0.645668, 
[61, 71, 64]: 0.652714, 
[61, 52, 56]: 0.652714, 
[25, 5, 6]: 0.645668, 
[80, 5, 21]: 0.645668, 
[91, 90, 64]: 0.652714, 
[25, 19, 23]: 0.645668, 
[80, 90, 64]: 0.652714, 
[80, 92, 6]: 0.645668, 
[80, 19, 18]: 0.645668, 
[80, 5, 63]: 0.645668, 
[13, 38, 6]: 0.652714, 
[97, 24, 18]: 0.645668, 
[97, 24, 63]: 0.645668, 
[91, 19, 56]: 0.652714, 
[25, 39, 23]: 0.645668, 
[13, 90, 7]: 0.652714, 
[80, 5, 6]: 0.645668, 
[42, 19, 6]: 0.652714, 
[61, 19, 64]: 0.652714, 
[42, 71, 56]: 0.652714, 
[80, 24, 21]: 0.645668, 
[91, 19, 7]: 0.652714, 
[25, 92, 6]: 0.645668, 
[80, 39, 6]: 0.645668, 
[41, 92, 6]: 0.645668, 
[42, 52, 7]: 0.652714, 
[42, 19, 56]: 0.652714, 
[80, 52, 7]: 0.652714, 
[25, 19, 18]: 0.645668, 
[97, 5, 63]: 0.645668, 
[61, 19, 7]: 0.652714, 
[80, 19, 21]: 0.645668, 
[25, 92, 23]: 0.645668, 
[91, 71, 56]: 0.652714, 
[41, 5, 18]: 0.645668, 
[91, 19, 6]: 0.652714, 
[80, 5, 18]: 0.645668, 
[91, 71, 6]: 0.652714, 
[61, 19, 70]: 0.652714, 
[13, 19, 64]: 0.652714, 
[41, 5, 21]: 0.645668, 
[83, 92, 63]: 0.645668, 
[91, 71, 64]: 0.652714, 
[42, 90, 64]: 0.652714, 
[25, 39, 18]: 0.645668, 
[13, 38, 56]: 0.652714, 
[91, 38, 6]: 0.652714, 
[41, 19, 23]: 0.645668, 
[80, 24, 63]: 0.645668, 
[42, 90, 6]: 0.652714, 
[97, 92, 18]: 0.645668, 
[61, 19, 6]: 0.652714, 
[25, 39, 63]: 0.645668, 
[80, 71, 56]: 0.652714, 
[42, 90, 70]: 0.652714, 
[80, 39, 21]: 0.645668, 
[25, 24, 21]: 0.645668, 
[97, 24, 6]: 0.645668, 
[41, 19, 21]: 0.645668, 
[42, 38, 70]: 0.652714, 
[80, 39, 18]: 0.645668, 
[80, 52, 56]: 0.652714, 
[41, 39, 21]: 0.645668, 
[83, 5, 23]: 0.645668, 
[13, 38, 70]: 0.652714, 
[61, 38, 56]: 0.652714, 
[61, 90, 56]: 0.652714, 
[80, 52, 70]: 0.652714, 
[13, 38, 7]: 0.652714, 
[83, 5, 18]: 0.645668, 
[13, 52, 56]: 0.652714, 
[97, 5, 18]: 0.645668, 
[42, 71, 70]: 0.652714, 
[13, 52, 7]: 0.652714, 
[41, 5, 63]: 0.645668, 
[80, 5, 23]: 0.645668, 
[41, 19, 63]: 0.645668, 
[80, 92, 21]: 0.645668, 
[61, 52, 64]: 0.652714, 
[83, 92, 21]: 0.645668, 
[83, 92, 23]: 0.645668, 
[97, 19, 18]: 0.645668, 
[97, 39, 63]: 0.645668, 
[41, 24, 21]: 0.645668, 
[42, 71, 7]: 0.652714, 
[25, 5, 18]: 0.645668, 
[25, 24, 63]: 0.645668, 
[97, 24, 21]: 0.645668, 
[80, 24, 23]: 0.645668, 
[13, 19, 7]: 0.652714, 
[61, 38, 64]: 0.652714, 
[83, 39, 18]: 0.645668, 
[41, 24, 63]: 0.645668, 
[41, 19, 18]: 0.645668, 
[80, 90, 70]: 0.652714, 
[42, 38, 56]: 0.652714, 
[97, 92, 23]: 0.645668, 
[91, 90, 7]: 0.652714, 
[61, 71, 70]: 0.652714, 
[13, 52, 6]: 0.652714, 
[0, 34, 80]: 0.644945, 
[13, 71, 56]: 0.652714, 
[61, 52, 70]: 0.652714, 
[80, 19, 7]: 0.652714, 
[13, 38, 56]: 0.652714, 
[91, 19, 64]: 0.652714, 
[82, 77, 44]: 0.644945, 
[61, 52, 64]: 0.652714, 
[13, 19, 6]: 0.652714, 
[13, 77, 66]: 0.644945, 
[80, 52, 56]: 0.652714, 
[73, 77, 46]: 0.644945, 
[46, 61, 66]: 0.644945, 
[42, 71, 64]: 0.652714, 
[46, 8, 44]: 0.644945, 
[0, 77, 44]: 0.644945, 
[82, 34, 46]: 0.644945, 
[0, 61, 80]: 0.644945, 
[0, 52, 46]: 0.644945, 
[42, 90, 70]: 0.652714, 
[61, 71, 56]: 0.652714, 
[73, 34, 74]: 0.644945, 
[46, 8, 80]: 0.644945, 
[73, 61, 74]: 0.644945, 
[82, 77, 46]: 0.644945, 
[46, 77, 46]: 0.644945, 
[13, 52, 70]: 0.652714, 
[73, 8, 66]: 0.644945, 
[82, 61, 66]: 0.644945, 
[0, 52, 80]: 0.644945, 
[13, 8, 80]: 0.644945, 
[61, 19, 7]: 0.652714, 
[61, 38, 6]: 0.652714, 
[91, 71, 64]: 0.652714, 
[13, 71, 64]: 0.652714, 
[46, 8, 66]: 0.644945, 
[46, 34, 44]: 0.644945, 
[80, 19, 56]: 0.652714, 
[73, 61, 80]: 0.644945, 
[61, 38, 70]: 0.652714, 
[42, 71, 70]: 0.652714, 
[80, 52, 70]: 0.652714, 
[13, 90, 56]: 0.652714, 
[80, 38, 56]: 0.652714, 
[0, 8, 44]: 0.644945, 
[0, 77, 74]: 0.644945, 
[42, 52, 56]: 0.652714, 
[42, 90, 7]: 0.652714, 
[61, 52, 6]: 0.652714, 
[0, 52, 66]: 0.644945, 
[91, 52, 56]: 0.652714, 
[42, 19, 7]: 0.652714, 
[80, 38, 64]: 0.652714, 
[46, 61, 44]: 0.644945, 
[46, 77, 44]: 0.644945, 
[82, 34, 80]: 0.644945, 
[91, 38, 70]: 0.652714, 
[13, 52, 80]: 0.644945, 
[42, 52, 6]: 0.652714, 
[80, 71, 64]: 0.652714, 
[42, 38, 6]: 0.652714, 
[82, 52, 46]: 0.644945, 
[91, 71, 56]: 0.652714, 
[80, 52, 6]: 0.652714, 
[82, 52, 44]: 0.644945, 
[42, 19, 6]: 0.652714, 
[80, 71, 6]: 0.652714, 
[73, 34, 80]: 0.644945, 
[42, 90, 56]: 0.652714, 
[13, 77, 80]: 0.644945, 
[13, 19, 56]: 0.652714, 
[91, 19, 56]: 0.652714, 
[42, 90, 6]: 0.652714, 
[91, 52, 64]: 0.652714, 
[46, 34, 80]: 0.644945, 
[0, 34, 66]: 0.644945, 
[42, 19, 70]: 0.652714, 
[91, 90, 56]: 0.652714, 
[91, 52, 6]: 0.652714, 
[46, 61, 80]: 0.644945, 
[46, 52, 66]: 0.644945, 
[42, 71, 7]: 0.652714, 
[91, 38, 7]: 0.652714, 
[80, 38, 70]: 0.652714, 
[13, 71, 6]: 0.652714, 
[73, 34, 44]: 0.644945, 
[73, 61, 66]: 0.644945, 
[73, 52, 44]: 0.644945, 
[42, 19, 64]: 0.652714, 
[13, 61, 44]: 0.644945, 
[82, 8, 74]: 0.644945, 
[73, 61, 46]: 0.644945, 
[82, 61, 80]: 0.644945, 
[46, 8, 74]: 0.644945, 
[91, 71, 7]: 0.652714, 
[0, 61, 46]: 0.644945, 
[80, 52, 64]: 0.652714, 
[82, 52, 66]: 0.644945, 
[42, 52, 64]: 0.652714, 
[13, 38, 7]: 0.652714, 
[80, 71, 7]: 0.652714, 
[46, 52, 74]: 0.644945, 
[13, 34, 80]: 0.644945, 
[73, 77, 44]: 0.644945, 
[61, 71, 7]: 0.652714, 
[82, 77, 66]: 0.644945, 
[13, 19, 64]: 0.652714, 
[46, 52, 46]: 0.644945, 
[13, 52, 44]: 0.644945, 
[82, 34, 74]: 0.644945, 
[91, 38, 6]: 0.652714, 
[13, 90, 70]: 0.652714, 
[61, 90, 64]: 0.652714, 
[91, 52, 7]: 0.652714, 
[61, 90, 7]: 0.652714, 
[13, 90, 6]: 0.652714, 
[0, 52, 44]: 0.644945, 
[80, 71, 56]: 0.652714, 
[82, 61, 44]: 0.644945, 
[0, 8, 80]: 0.644945, 
[61, 71, 6]: 0.652714, 
[0, 52, 74]: 0.644945, 
[42, 19, 56]: 0.652714, 
[13, 19, 7]: 0.652714, 
[80, 38, 7]: 0.652714, 
[61, 90, 6]: 0.652714, 
[61, 19, 6]: 0.652714, 
[82, 61, 74]: 0.644945, 
[61, 38, 56]: 0.652714, 
[91, 19, 7]: 0.652714, 
[80, 90, 70]: 0.652714, 
[13, 38, 70]: 0.652714, 
[73, 61, 44]: 0.644945, 
[42, 71, 6]: 0.652714, 
[82, 8, 66]: 0.644945, 
[91, 90, 6]: 0.652714, 
[82, 77, 80]: 0.644945, 
[13, 34, 66]: 0.644945, 
[80, 90, 7]: 0.652714, 
[82, 52, 74]: 0.644945, 
[13, 61, 66]: 0.644945, 
[13, 61, 80]: 0.644945, 
[42, 52, 7]: 0.652714, 
[73, 52, 80]: 0.644945, 
[73, 52, 46]: 0.644945, 
[46, 34, 46]: 0.644945, 
[80, 19, 64]: 0.652714, 
[73, 77, 80]: 0.644945, 
[13, 38, 6]: 0.652714, 
[82, 52, 80]: 0.644945, 
[61, 38, 7]: 0.652714, 
[61, 71, 64]: 0.652714, 
[13, 19, 70]: 0.652714, 
[13, 52, 64]: 0.652714, 
[91, 90, 70]: 0.652714, 
[73, 8, 44]: 0.644945, 
[13, 90, 64]: 0.652714, 
[46, 34, 66]: 0.644945, 
[46, 8, 46]: 0.644945, 
[13, 8, 46]: 0.644945, 
[61, 52, 56]: 0.652714, 
[91, 38, 64]: 0.652714, 
[13, 8, 44]: 0.644945, 
[13, 77, 74]: 0.644945, 
[42, 38, 70]: 0.652714, 
[46, 52, 44]: 0.644945, 
[13, 34, 74]: 0.644945, 
[0, 34, 46]: 0.644945, 
[0, 61, 66]: 0.644945, 
[0, 8, 46]: 0.644945, 
[61, 19, 70]: 0.652714, 
[61, 19, 56]: 0.652714, 
[0, 77, 46]: 0.644945, 
[80, 90, 6]: 0.652714, 
[82, 8, 80]: 0.644945, 
[61, 90, 56]: 0.652714, 
[91, 52, 70]: 0.652714, 
[46, 77, 80]: 0.644945, 
[42, 71, 56]: 0.652714, 
[73, 77, 66]: 0.644945, 
[13, 52, 46]: 0.644945, 
[0, 77, 66]: 0.644945, 
[73, 8, 74]: 0.644945, 
[13, 8, 66]: 0.644945, 
[91, 71, 70]: 0.652714, 
[13, 52, 66]: 0.644945, 
[42, 38, 64]: 0.652714, 
[91, 38, 56]: 0.652714, 
[0, 77, 80]: 0.644945, 
[13, 52, 56]: 0.652714, 
[46, 34, 74]: 0.644945, 
[82, 77, 74]: 0.644945, 
[91, 19, 70]: 0.652714, 
[0, 34, 74]: 0.644945, 
[46, 77, 74]: 0.644945, 
[46, 61, 74]: 0.644945, 
[42, 52, 70]: 0.652714, 
[46, 61, 46]: 0.644945, 
[91, 71, 6]: 0.652714, 
[91, 19, 6]: 0.652714, 
[80, 71, 70]: 0.652714, 
[13, 61, 46]: 0.644945, 
[91, 90, 7]: 0.652714, 
[73, 52, 74]: 0.644945, 
[0, 61, 44]: 0.644945, 
[13, 71, 7]: 0.652714, 
[82, 34, 66]: 0.644945, 
[82, 61, 46]: 0.644945, 
[13, 38, 64]: 0.652714, 
[61, 19, 64]: 0.652714, 
[80, 90, 56]: 0.652714, 
[80, 52, 7]: 0.652714, 
[0, 34, 44]: 0.644945, 
[0, 61, 74]: 0.644945, 
[80, 38, 6]: 0.652714, 
[82, 8, 46]: 0.644945, 
[42, 38, 56]: 0.652714, 
[46, 52, 80]: 0.644945, 
[73, 34, 46]: 0.644945, 
[13, 77, 46]: 0.644945, 
[13, 34, 46]: 0.644945, 
[61, 90, 70]: 0.652714, 
[80, 19, 70]: 0.652714, 
[13, 71, 70]: 0.652714, 
[13, 90, 7]: 0.652714, 
[73, 77, 74]: 0.644945, 
[42, 90, 64]: 0.652714, 
[0, 8, 66]: 0.644945, 
[82, 8, 44]: 0.644945, 
[82, 34, 44]: 0.644945, 
[13, 77, 44]: 0.644945, 
[73, 8, 80]: 0.644945, 
[13, 34, 44]: 0.644945, 
[73, 8, 46]: 0.644945, 
[13, 61, 74]: 0.644945, 
[80, 19, 6]: 0.652714, 
[42, 38, 7]: 0.652714, 
[91, 90, 64]: 0.652714, 
[13, 52, 74]: 0.644945, 
[73, 34, 66]: 0.644945, 
[73, 52, 66]: 0.644945, 
[61, 38, 64]: 0.652714, 
[13, 8, 74]: 0.644945, 
[13, 52, 7]: 0.652714, 
[61, 52, 7]: 0.652714, 
[0, 8, 74]: 0.644945, 
[46, 77, 66]: 0.644945, 
[80, 90, 64]: 0.652714, 
[97, 19, 21]: 0.645668, 
[83, 92, 23]: 0.645668, 
[97, 19, 6]: 0.645668, 
[41, 24, 18]: 0.645668, 
[13, 71, 70]: 0.652714, 
[97, 5, 63]: 0.645668, 
[91, 71, 64]: 0.652714, 
[0, 8, 66]: 0.644945, 
[41, 19, 21]: 0.645668, 
[82, 8, 46]: 0.644945, 
[83, 39, 18]: 0.645668, 
[46, 77, 44]: 0.644945, 
[80, 39, 23]: 0.645668, 
[25, 5, 21]: 0.645668, 
[0, 52, 74]: 0.644945, 
[0, 34, 74]: 0.644945, 
[91, 38, 6]: 0.652714, 
[91, 90, 56]: 0.652714, 
[73, 77, 74]: 0.644945, 
[42, 19, 70]: 0.652714, 
[13, 77, 44]: 0.644945, 
[13, 38, 56]: 0.652714, 
[97, 24, 6]: 0.645668, 
[41, 39, 23]: 0.645668, 
[42, 52, 70]: 0.652714, 
[46, 77, 80]: 0.644945, 
[83, 39, 23]: 0.645668, 
[80, 19, 21]: 0.645668, 
[91, 19, 70]: 0.652714, 
[46, 77, 66]: 0.644945, 
[0, 8, 44]: 0.644945, 
[41, 92, 23]: 0.645668, 
[0, 52, 66]: 0.644945, 
[82, 77, 74]: 0.644945, 
[80, 38, 7]: 0.652714, 
[46, 61, 46]: 0.644945, 
[80, 90, 7]: 0.652714, 
[82, 61, 74]: 0.644945, 
[42, 38, 6]: 0.652714, 
[61, 38, 64]: 0.652714, 
[82, 77, 44]: 0.644945, 
[13, 8, 66]: 0.644945, 
[13, 8, 44]: 0.644945, 
[13, 34, 46]: 0.644945, 
[13, 34, 44]: 0.644945, 
[42, 71, 6]: 0.652714, 
[46, 52, 66]: 0.644945, 
[25, 19, 63]: 0.645668, 
[97, 19, 23]: 0.645668, 
[42, 19, 6]: 0.652714, 
[83, 19, 18]: 0.645668, 
[80, 92, 6]: 0.645668, 
[82, 52, 80]: 0.644945, 
[13, 71, 6]: 0.652714, 
[41, 19, 6]: 0.645668, 
[80, 39, 21]: 0.645668, 
[80, 52, 70]: 0.652714, 
[25, 92, 18]: 0.645668, 
[42, 52, 56]: 0.652714, 
[80, 19, 70]: 0.652714, 
[0, 8, 80]: 0.644945, 
[83, 19, 63]: 0.645668, 
[0, 77, 80]: 0.644945, 
[46, 52, 46]: 0.644945, 
[83, 92, 21]: 0.645668, 
[91, 19, 6]: 0.652714, 
[61, 71, 7]: 0.652714, 
[13, 38, 7]: 0.652714, 
[13, 71, 64]: 0.652714, 
[73, 34, 44]: 0.644945, 
[13, 61, 66]: 0.644945, 
[46, 8, 80]: 0.644945, 
[82, 34, 80]: 0.644945, 
[46, 34, 44]: 0.644945, 
[25, 24, 18]: 0.645668, 
[97, 19, 63]: 0.645668, 
[41, 24, 6]: 0.645668, 
[41, 5, 18]: 0.645668, 
[83, 24, 6]: 0.645668, 
[73, 77, 66]: 0.644945, 
[82, 34, 66]: 0.644945, 
[25, 39, 18]: 0.645668, 
[82, 52, 44]: 0.644945, 
[97, 19, 18]: 0.645668, 
[42, 90, 70]: 0.652714, 
[61, 38, 6]: 0.652714, 
[42, 52, 64]: 0.652714, 
[91, 19, 7]: 0.652714, 
[80, 19, 63]: 0.645668, 
[73, 52, 74]: 0.644945, 
[0, 77, 46]: 0.644945, 
[80, 5, 23]: 0.645668, 
[80, 19, 56]: 0.652714, 
[82, 34, 44]: 0.644945, 
[91, 38, 70]: 0.652714, 
[0, 34, 80]: 0.644945, 
[80, 71, 70]: 0.652714, 
[73, 77, 46]: 0.644945, 
[41, 5, 21]: 0.645668, 
[91, 38, 56]: 0.652714, 
[73, 61, 74]: 0.644945, 
[46, 52, 44]: 0.644945, 
[61, 19, 6]: 0.652714, 
[13, 52, 70]: 0.652714, 
[80, 71, 6]: 0.652714, 
[82, 77, 80]: 0.644945, 
[97, 39, 23]: 0.645668, 
[80, 38, 64]: 0.652714, 
[13, 90, 70]: 0.652714, 
[97, 39, 18]: 0.645668, 
[91, 52, 6]: 0.652714, 
[91, 90, 64]: 0.652714, 
[83, 24, 18]: 0.645668, 
[46, 34, 74]: 0.644945, 
[0, 34, 66]: 0.644945, 
[61, 52, 64]: 0.652714, 
[46, 61, 74]: 0.644945, 
[0, 77, 66]: 0.644945, 
[73, 61, 46]: 0.644945, 
[91, 71, 70]: 0.652714, 
[42, 90, 56]: 0.652714, 
[46, 8, 74]: 0.644945, 
[13, 34, 66]: 0.644945, 
[46, 52, 80]: 0.644945, 
[25, 19, 23]: 0.645668, 
[80, 90, 56]: 0.652714, 
[25, 92, 63]: 0.645668, 
[73, 34, 66]: 0.644945, 
[97, 24, 63]: 0.645668, 
[97, 5, 18]: 0.645668, 
[41, 92, 18]: 0.645668, 
[83, 5, 23]: 0.645668, 
[80, 39, 6]: 0.645668, 
[73, 34, 74]: 0.644945, 
[91, 52, 56]: 0.652714, 
[80, 71, 7]: 0.652714, 
[0, 52, 44]: 0.644945, 
[61, 52, 70]: 0.652714, 
[13, 61, 46]: 0.644945, 
[41, 24, 63]: 0.645668, 
[13, 90, 7]: 0.652714, 
[83, 24, 63]: 0.645668, 
[80, 92, 63]: 0.645668, 
[97, 24, 18]: 0.645668, 
[0, 61, 66]: 0.644945, 
[0, 61, 80]: 0.644945, 
[73, 52, 44]: 0.644945, 
[97, 24, 23]: 0.645668, 
[0, 34, 46]: 0.644945, 
[97, 39, 63]: 0.645668, 
[91, 19, 56]: 0.652714, 
[82, 61, 66]: 0.644945, 
[41, 5, 6]: 0.645668, 
[13, 8, 74]: 0.644945, 
[0, 8, 46]: 0.644945, 
[83, 19, 6]: 0.645668, 
[83, 92, 6]: 0.645668, 
[83, 5, 6]: 0.645668, 
[80, 24, 23]: 0.645668, 
[91, 52, 64]: 0.652714, 
[80, 5, 21]: 0.645668, 
[25, 19, 18]: 0.645668, 
[73, 8, 80]: 0.644945, 
[82, 8, 44]: 0.644945, 
[80, 92, 23]: 0.645668, 
[61, 19, 64]: 0.652714, 
[13, 52, 44]: 0.644945, 
[13, 8, 80]: 0.644945, 
[97, 92, 18]: 0.645668, 
[61, 52, 6]: 0.652714, 
[83, 24, 21]: 0.645668, 
[61, 71, 70]: 0.652714, 
[0, 61, 44]: 0.644945, 
[25, 5, 6]: 0.645668, 
[13, 71, 7]: 0.652714, 
[13, 52, 6]: 0.652714, 
[25, 19, 21]: 0.645668, 
[25, 92, 21]: 0.645668, 
[73, 8, 44]: 0.644945, 
[0, 8, 74]: 0.644945, 
[61, 19, 70]: 0.652714, 
[83, 92, 63]: 0.645668, 
[46, 8, 66]: 0.644945, 
[13, 19, 6]: 0.652714, 
[61, 19, 56]: 0.652714, 
[82, 52, 46]: 0.644945, 
[42, 71, 70]: 0.652714, 
[0, 61, 74]: 0.644945, 
[42, 90, 6]: 0.652714, 
[80, 19, 6]: 0.652714, 
[61, 90, 7]: 0.652714, 
[91, 19, 64]: 0.652714, 
[42, 90, 7]: 0.652714, 
[61, 71, 64]: 0.652714, 
[42, 38, 64]: 0.652714, 
[13, 34, 74]: 0.644945, 
[83, 19, 23]: 0.645668, 
[91, 52, 7]: 0.652714, 
[73, 8, 74]: 0.644945, 
[61, 71, 6]: 0.652714, 
[82, 34, 46]: 0.644945, 
[82, 61, 44]: 0.644945, 
[41, 92, 21]: 0.645668, 
[83, 5, 63]: 0.645668, 
[91, 52, 70]: 0.652714, 
[13, 19, 70]: 0.652714, 
[91, 71, 6]: 0.652714, 
[97, 92, 21]: 0.645668, 
[13, 38, 64]: 0.652714, 
[25, 92, 6]: 0.645668, 
[42, 71, 56]: 0.652714, 
[91, 90, 6]: 0.652714, 
[46, 8, 44]: 0.644945, 
[80, 5, 18]: 0.645668, 
[13, 61, 44]: 0.644945, 
[61, 90, 6]: 0.652714, 
[80, 71, 64]: 0.652714, 
[25, 24, 6]: 0.645668, 
[91, 71, 7]: 0.652714, 
[42, 19, 56]: 0.652714, 
[13, 8, 46]: 0.644945, 
[73, 52, 46]: 0.644945, 
[82, 77, 46]: 0.644945, 
[46, 34, 66]: 0.644945, 
[83, 19, 21]: 0.645668, 
[80, 19, 7]: 0.652714, 
[41, 19, 63]: 0.645668, 
[42, 52, 7]: 0.652714, 
[80, 52, 6]: 0.652714, 
[46, 61, 80]: 0.644945, 
[97, 5, 23]: 0.645668, 
[41, 92, 63]: 0.645668, 
[91, 90, 70]: 0.652714, 
[46, 61, 66]: 0.644945, 
[80, 38, 70]: 0.652714, 
[41, 39, 21]: 0.645668, 
[83, 5, 21]: 0.645668, 
[42, 71, 64]: 0.652714, 
[80, 24, 63]: 0.645668, 
[80, 92, 18]: 0.645668, 
[61, 38, 70]: 0.652714, 
[0, 52, 46]: 0.644945, 
[13, 52, 66]: 0.644945, 
[25, 92, 23]: 0.645668, 
[80, 19, 23]: 0.645668, 
[83, 39, 21]: 0.645668, 
[46, 52, 74]: 0.644945, 
[82, 61, 80]: 0.644945, 
[25, 39, 6]: 0.645668, 
[41, 5, 63]: 0.645668, 
[80, 19, 18]: 0.645668, 
[41, 92, 6]: 0.645668, 
[82, 34, 74]: 0.644945, 
[73, 77, 80]: 0.644945, 
[42, 90, 64]: 0.652714, 
[83, 5, 18]: 0.645668, 
[73, 52, 80]: 0.644945, 
[13, 90, 64]: 0.652714, 
[61, 90, 70]: 0.652714, 
[80, 38, 56]: 0.652714, 
[61, 38, 56]: 0.652714, 
[13, 77, 46]: 0.644945, 
[80, 52, 7]: 0.652714, 
[13, 52, 56]: 0.652714, 
[73, 77, 44]: 0.644945, 
[80, 52, 56]: 0.652714, 
[13, 52, 46]: 0.644945, 
[91, 90, 7]: 0.652714, 
[25, 24, 21]: 0.645668, 
[25, 5, 63]: 0.645668, 
[82, 52, 74]: 0.644945, 
[13, 38, 70]: 0.652714, 
[25, 5, 18]: 0.645668, 
[25, 39, 63]: 0.645668, 
[97, 5, 6]: 0.645668, 
[42, 71, 7]: 0.652714, 
[97, 92, 23]: 0.645668, 
[97, 39, 21]: 0.645668, 
[97, 24, 21]: 0.645668, 
[41, 19, 23]: 0.645668, 
[80, 38, 6]: 0.652714, 
[82, 8, 66]: 0.644945, 
[73, 61, 80]: 0.644945, 
[80, 19, 64]: 0.652714, 
[25, 5, 23]: 0.645668, 
[41, 39, 18]: 0.645668, 
[80, 5, 6]: 0.645668, 
[91, 38, 7]: 0.652714, 
[46, 34, 46]: 0.644945, 
[0, 34, 44]: 0.644945, 
[13, 61, 74]: 0.644945, 
[13, 52, 80]: 0.644945, 
[83, 39, 63]: 0.645668, 
[25, 39, 23]: 0.645668, 
[41, 5, 23]: 0.645668, 
[25, 24, 63]: 0.645668, 
[41, 39, 6]: 0.645668, 
[83, 24, 23]: 0.645668, 
[13, 77, 66]: 0.644945, 
[97, 39, 6]: 0.645668, 
[73, 34, 46]: 0.644945, 
[41, 24, 23]: 0.645668, 
[41, 24, 21]: 0.645668, 
[46, 77, 46]: 0.644945, 
[42, 52, 6]: 0.652714, 
[80, 5, 63]: 0.645668, 
[41, 39, 63]: 0.645668, 
[97, 5, 21]: 0.645668, 
[42, 19, 64]: 0.652714, 
[61, 38, 7]: 0.652714, 
[73, 52, 66]: 0.644945, 
[97, 92, 6]: 0.645668, 
[82, 8, 74]: 0.644945, 
[13, 52, 7]: 0.652714, 
[73, 8, 66]: 0.644945, 
[73, 34, 80]: 0.644945, 
[13, 52, 74]: 0.644945, 
[13, 90, 56]: 0.652714, 
[41, 19, 18]: 0.645668, 
[83, 39, 6]: 0.645668, 
[80, 39, 18]: 0.645668, 
[83, 92, 18]: 0.645668, 
[0, 77, 44]: 0.644945, 
[82, 8, 80]: 0.644945, 
[13, 61, 80]: 0.644945, 
[42, 38, 70]: 0.652714, 
[80, 24, 6]: 0.645668, 
[46, 34, 80]: 0.644945, 
[13, 34, 80]: 0.644945, 
[80, 24, 18]: 0.645668, 
[13, 52, 64]: 0.652714, 
[13, 19, 64]: 0.652714, 
[46, 8, 46]: 0.644945, 
[82, 52, 66]: 0.644945, 
[61, 52, 7]: 0.652714, 
[61, 52, 56]: 0.652714, 
[80, 90, 70]: 0.652714, 
[46, 77, 74]: 0.644945, 
[42, 38, 56]: 0.652714, 
[0, 61, 46]: 0.644945, 
[80, 71, 56]: 0.652714, 
[0, 52, 80]: 0.644945, 
[13, 90, 6]: 0.652714, 
[91, 38, 64]: 0.652714, 
[80, 90, 6]: 0.652714, 
[73, 8, 46]: 0.644945, 
[73, 61, 66]: 0.644945, 
[82, 77, 66]: 0.644945, 
[25, 24, 23]: 0.645668, 
[80, 90, 64]: 0.652714, 
[80, 24, 21]: 0.645668, 
[91, 71, 56]: 0.652714, 
[97, 92, 63]: 0.645668, 
[42, 19, 7]: 0.652714, 
[80, 92, 21]: 0.645668, 
[80, 39, 63]: 0.645668, 
[82, 61, 46]: 0.644945, 
[80, 52, 64]: 0.652714, 
[13, 38, 6]: 0.652714, 
[46, 61, 44]: 0.644945, 
[73, 61, 44]: 0.644945, 
[61, 90, 64]: 0.652714, 
[13, 19, 56]: 0.652714, 
[13, 77, 80]: 0.644945, 
[61, 90, 56]: 0.652714, 
[25, 39, 21]: 0.645668, 
[61, 71, 56]: 0.652714, 
[42, 38, 7]: 0.652714, 
[13, 71, 56]: 0.652714, 
[13, 19, 7]: 0.652714, 
[13, 77, 74]: 0.644945, 
[0, 77, 74]: 0.644945, 
[25, 19, 6]: 0.645668, 
[61, 19, 7]: 0.652714, 