2,27,71,55,16 70,19,87,5,76 50,93,18,84,28 0.727266
47,5,1,82,94 64,76,43,72,94 75,58,1,38,52 0.677439
97,0,41,21,38 90,13,42,45,85 61,67,37,0,34 0.675443
26,17,14,45,80 73,17,36,94,9 72,83,57,69,28 0.674772
46,91,41,3,53 73,25,31,22,85 59,34,85,11,98 0.670167
9,7,42,28,53 99,11,14,61,72 55,82,37,41,13 0.658381
5,3,23,40,45 75,0,86,3,10 96,47,59,93,94,65 0.626895
61,91,42,80,13 38,90,71,19,52 7,6,70,56,64 0.652714
46,0,73,82,13 8,77,34,61,52 74,46,44,66,80 0.644945
25,97,41,83,80 24,19,5,92,39 21,6,63,18,23 0.645668
11,68,25,19,69,64,93,18,58,49,79,3,23,7,82,51,94,53 44,84,49,81,5,83 50,37,70,13,31,22,60,23,98,89,45 0.426138
52,65,62,26,61,68,44,35,86,59,64,60,14,27,79,87,90,55,3,76,7,78,30,67,6,10,70,13,28,32 44,93,73,69,38,2,4,49,48,35,62,58,50,99,22,3,5,98,23,14,42,83,10,56,61,92,72,94,9,39 35 0.438898
66,77,8,57,15,33,64,93,79,71,90,55,30,99,12,70,28 47,93,91,75,27,84,54,17,12,16,4,24,96,86,50,26,99,40,22,3,5,76,83,77,34,67,82,61,92,9,39 27 0.469264
2,83,6,12 66,44,73,74,89,70,91,31,8,6,58,46,11,19,5,23,13,10,67,56,94,9,39 77,73,7,96,21,32,39,75,47,99,63,48,44,2,94,76,14,34,18,71,92,78,80,62,35,64 0.399861
65,20,44,46,24,27,84,39,99,54,96,67,12,72,53 66,37,69,91,25,0,17,31,49,68,30,96,86,46,59,11,95,36,3,76,14,65,83,10,61,39 25,9,14,57,26 0.404068
52,11,36,25,19,63,47,15,75,69,33,64,60,34,49,50,85,90,78,99,96,48,70,80,53 47,44,93,89,70,55,25,75,90,84,54,8,48,68,62,58,51,86,46,26,81,11,19,95,3,5,15,13,42,10,67,57,88,20,85,39 45 0.439349
26,68,47,35,5,33,59,43,93,91,41,84,21,74,73,23,99,98,38,51,83,72,45,70,80,13,32 47,32,7,29,44,63,74,89,55,0,6,28,51,46,11,87,95,98,76,23,56,20 24 0.459281
62,26,44,22,19,15,35,2,56,89,0,18,34,58,14,79,71,84,87,21,76,7,31,38,83,6,10,45,13,28 37,44,93,73,55,25,71,68,58,50,1,81,95,36,78,65,42,82,56,43,88,9,85 88 0.449971
88,68,25,22,57,63,35,56,60,43,93,0,91,14,71,84,21,1,95,16,78,4,31,30,67,83,6,42,53 39 55,49,82,21,53,39,37,81,15,87,6,70,63,48,90,43,0,13,16,57,86,28,64 0.45497
81,29,22,47,15,35,17,91,34,58,24,71,87,74,92,7,16,78,82,37,4,54,38,6,70,80,28 21,29,93,74,53,55,64,17,16,49,86,1,59,19,95,36,22,98,76,14,13,65,82,43,92,88 31 0.449387
52,77,88,81,5,64,50,79,82,31,30,51,83,10,45,32 10 55,10,50,46,87,6,63,48,43,54,3,13,18,83,38,71,85,91,80,60,57,24,97,88,86 0.485441
77,65,61,25,63,86,5,64,60,89,58,24,50,85,79,84,3,82,31,99,96,38,51,6,94,28,53 23 33,20,30,53,9,75,59,58,48,17,56,71,52,91,86,35,27,64 0.469906
52,65,62,88,26,22,57,63,89,50,3,74,92,76,73,1,78,31,30,83,6,72 47,32,7,44,80,53,64,17,8,24,62,51,86,95,15,18,88,94,9 36,79 0.437074
78 66,53,97,16,33,68,62,19,40,23,14,15,78,41,67,88,20,94 51,30,67,53,25,37,5,74,93,41,0,14,34,18,38,71,91,80,60,86,35,69,79,89 0.477914
8,44,63,47,59,17,64,97,91,71,87,90,55,23,39,99,48,67,10,94 28,35,23,56 51,72,21,37,46,47,87,2,3,36,22,92,62,26 0.421757
77,57,59,17,43,41,27,74,1,82,31,30,54,28,53 82 77,7,96,46,47,93,81,87,29,63,90,43,2,17,95,56,65,4,36,71,78,80,60,57,11,45 0.482162
77,65,20,88,26,36,44,19,69,86,56,64,0,14,50,9,90,16,78,82,4,31,40,98,38,42,70,13,28,53 44,80,69,53,70,25,27,71,2,35,62,51,46,99,36,22,10,82,56,61,57 58 0.450564
23 29,80,73,55,75,90,16,49,33,68,62,51,50,1,81,99,87,98,76,23,14,78,18,77,34,45,43,57,20,85 40,20,50,37,5,99,29,70,48,0,34,13,65,4,31,71,78,91,69,89,64 0.452914
65,26,63,35,69,5,59,56,64,0,58,49,50,71,84,87,90,21,55,3,74,37,31,40,48,38,51,42,28 96 77,30,73,7,10,8,74,12,99,15,2,76,95,34,56,13,83,36,22,92,62,84,98,27,89 0.443514
28 47,37,7,29,73,89,53,91,27,84,54,17,28,48,35,68,26,59,11,5,60,76,13,88,20,85,39 19,20,42,73,7,72,50,9,75,99,1,41,48,44,54,94,76,95,34,13,36,71,80,23,11,98,35,27,26 0.44043
65,57,15,69,5,17,64,60,43,49,41,14,84,90,74,23,99,96,83,42,94 97,57 40,55,73,82,7,50,1,87,63,90,83,52,69 0.457708
52,62,33,56,64,97,46,41,74,92,76,73,95,39,48,42,80 24,11 30,61,82,7,10,39,25,75,15,29,6,63,54,17,18,36,22,92,91,80,23 0.448097
25 32,29,44,69,53,97,70,0,84,31,49,24,30,51,1,26,81,59,22,5,65,42,67,45,43,52,9 51,20,42,82,99,81,68,1,54,0,14,56,66,36,71,92,91,24,98,89,45 0.458759
63,64,85,90,74,82,72,80 27,12,8,62,46,81,76,15,92 33,49,90,76,56,92,11,26 0.452993
52,14,72 37,53,70,64,54,68,5,23,43,72 20,55,30,7,21,8,32,25,75,74,99,93,68,29,43,18,92,89,64 0.453971
66,61,29,44,22,47,17,60,0,18,27,85,71,87,3,95,23,39,99,98,67,72,80,94,28,53 48 40,42,82,53,39,9,5,59,81,87,54,95,14,4,71,92,78,52,91,62,79 0.456395
4 74,70,25,27,84,12,8,6,48,35,68,50,1,99,95,40,23,14,13,18,65,41,34,67,88,72 20,75,15,1,95,14,3,56,13,83,38,11,97,89 0.483761
37 47,37,32,48,79,30,86,59,95,77,82,45,72 33,51,40,49,61,7,75,37,74,47,99,59,93,87,63,48,44,76,95,65,66,31,22,91,60,57,86,35,64 0.482574
88,61,44,19,2,60,91,14,71,84,95,37,31,39,51,12,10,80 36 55,73,7,10,74,1,41,90,76,95,65,4,31,57,11,84,98,69,27,28 0.494831
65,29,36,19,47,60,97,46,85,71,87,55,73,40,67,83,42,70,80 27,79 33,19,61,7,10,21,5,74,59,1,29,48,43,54,2,3,34,13,38,71,22,92,16,57,69,45 0.425127
65,62,20,81,44,15,35,17,56,34,58,49,41,14,50,27,85,87,92,1,7,16,78,30,10,45,94,53 20,94 77,73,72,53,25,99,58,81,15,6,44,94,65,36,71,11,86,64 0.42764
29,43,49,84,55,76,78,99,48,51,12,94,53 32,7,29,74,89,69,55,0,8,28,4,33,79,51,99,59,5,60,23,77,10,34,56,61,88,72,52,94,39 20,23 0.438549
20,8,61,81,19,35,5,59,17,43,93,0,91,24,41,14,79,55,73,78,96,48,6,10,45,28 41 51,20,73,82,72,67,8,53,47,81,6,70,63,0,66,31,16,11,97,88,84,45 0.452769
45 66,80,69,70,75,0,84,17,31,48,79,30,58,51,26,59,95,22,98,23,65,77,10,88,52,9 33,19,20,73,72,96,21,50,53,9,37,46,99,59,68,29,48,76,14,3,13,18,65,83,38,36,71,78,57,84,27,89 0.442289
77,24,51 21,47,32,7,29,93,75,0,71,2,16,35,58,51,46,26,76,23,13,78,83,43,57,92,52,20 72,12,2,17,36,80,16,86 0.449088
26,68,44,69,2,60,97,9,84,87,55,95,16,4,98,6,42,94,28,53 38,76 33,19,40,30,72,50,39,93,6,44,54,76,66,38,22,84,28,45 0.446678
77,62,88,26,8,36,68,57,19,47,15,75,2,93,91,18,34,14,50,71,55,7,16,31,30,48,38,51,6,12,70,94,32 32,7,97,38,25,84,54,17,35,79,30,50,60,42,45,94,39 78 0.453222
62,8,36,57,47,56,46,49,41,50,27,79,87,21,55,74,92,23,31,40,51,83,72,80,13,28 14 19,55,30,42,49,73,82,7,10,50,8,37,81,29,70,2,95,3,4,31,91,60,16,57,79,26 0.44843
54,38 47,73,38,27,90,12,31,16,28,35,79,50,26,81,87,77,67,82,45,72,9,39 77,55,42,73,67,53,39,37,81,63,94,17,76,95,18,22,11,97,98,35,79,27,28,64 0.422771
75 37,55,64,90,71,2,24,19,60,98,34,52,39 72,50,9,75,47,58,87,13,65,66,36,22,92,24 0.539939